0 1 2 3 5 6 94
1 100
2 101 102
3 23 103 18 21
4 19 21
5 23 25 28
6 34 80 28 
7 80 81 132
8 83 80
9 86
10 87 88 89
11 140
12 138 139
13 91 92 93 135
14 96 196	
15 8 96 196
16 10 12 13 95 97 197
17
18 19
19 27 23 25 28
20 31 33 34 28 55
21 82 81
22 84
23 85 86 
24 87 88 89
25 62 90 
26 63 70 134 62 90
27 74 76 108 90
28 4  1	11 2000
29 7 9 11 4
30 14 98 17 198 199 200
31 15 16 20 35 109 110 111 125 148 200 204 206
32 152 22 39 99 112 113 114 149 201 99 205
33 24 26 47 115 116 117 118 150 201 203 202
34 30 32 51 55 105 34 	
35
36
37
38
39 62
40 64 65 69 71 107 62 63
41 72 78 131 147
42
43
44
45 37 104 133
46 42 44 
47 48 50 44 47
48 52 50
49
50
51
52
53 62
54 67 68 73 128 145 146 62
55 77
56
57
58
59 36 38 129 37 45
60 40 41 43 45 46 127 141 142 38 44
61 49 119 120 121 44 46 48 50
62 53 54 122 123 124 126 143 50 52 55
63 56 57 58 59
64 60 61 136
65
66
67 137
68 66 130 144
69 75 79 106
70
71
72
73 36 38
74 38 40 43 46
75 46
76 54
77 57
78
79
80
81
82
83
